1 17 46 16 18
16 0 3 4 17
46 31 52 18 24
4 16 1 20 0
16 3 15 1 5
49 10 4 3 14
7 8 12 47 48
6 8 48 47 12
48 47 11 6 12
48 10 8 11 23
9 48 5 11 8
48 47 8 10 9
47 13 6 8 11
12 47 11 6 8
49 15 50 5 4
50 14 4 16 49
4 1 3 0 17
0 18 16 19 1
17 46 0 19 2
34 17 18 50 15
21 3 51 1 23
20 22 51 23 1
21 51 53 20 24
20 21 9 10 3
26 27 2 52 25
26 54 53 27 24
25 27 24 54 28
28 26 52 24 25
27 54 52 26 29
33 30 28 39 38
38 52 32 31 29
52 32 30 2 38
38 31 30 57 52
39 29 38 40 30
19 35 36 18 50
36 57 34 37 19
35 57 41 34 37
57 38 32 35 41
32 30 57 37 31
33 40 55 29 38
56 39 33 37 41
56 43 36 37 57
56 45 43 44 40
44 41 56 42 36
43 42 41 56 45
42 44 43 56 41
2 0 18 17 1
12 8 11 6 13
9 8 11 10 47
14 5 15 4 50
15 14 19 34 17
21 22 20 46 2
31 30 27 2 32
25 22 26 24 54
25 26 28 27 24
39 33 29 40 28
40 41 43 42 37
37 38 32 35 36
