3.674151995861848263e+01
3.394359231536714816e+01
4.435874660649848522e+01
3.501801841087463174e+01
3.230204321775696030e+01
3.149907354360643197e+01
3.074377265776364254e+01
3.073826225464451056e+01
3.074776327417175636e+01
3.272430486281101025e+01
3.074676256706926836e+01
3.086780333429939560e+01
3.027465287751001810e+01
2.813467506272312946e+01
3.118846256862769550e+01
3.230052184860473119e+01
3.589490244393655161e+01
3.773305793322086998e+01
4.084555017111727437e+01
3.675281407636791897e+01
3.592400270369360982e+01
3.992397246047682557e+01
4.436258862735708419e+01
3.591795783151769683e+01
4.929377605266811457e+01
5.405455245337908821e+01
5.113081933739502460e+01
4.884662505194886251e+01
5.099857257320790893e+01
4.696200200099375621e+01
4.230119275965844139e+01
4.064288228219846388e+01
4.045854017513833867e+01
4.398099157490648281e+01
3.675991340602516289e+01
3.366876756064178267e+01
3.338597420416728312e+01
3.641213762611299387e+01
3.903160100786698905e+01
4.305809960783656010e+01
3.955644108551846472e+01
3.336587374799712791e+01
3.650113401322706608e+01
3.287978084431825465e+01
3.316801535774366982e+01
3.451578361055966582e+01
3.992131566706472512e+01
3.029296757704024046e+01
3.417330457190954007e+01
3.153284526322134695e+01
3.395409267619793070e+01
3.992211157642788066e+01
4.446606775844598758e+01
4.885864003723828830e+01
4.858784608673851579e+01
4.640155220272828984e+01
3.654089403249786017e+01
3.710199165731904714e+01
