0.7 6.2 -4.2 0 0 2 8.9 4 65 34 995.8 1015.3 1012.5 14.3
3.6 7.6 0 0 0 6.9 9.7 3.8 49 28 1011.7 1013.6 1010.4 0
2.9 5.8 -0.1 0 0 6 9.4 4.1 55 37 1010.5 1013.1 1010.5 14.3
-0.4 0.5 -2.2 1 0.5 6.1 1.1 4.4 74 54 1006.4 1008.6 1004.6 21
-0.4 0.9 -2.4 0.5 0.5 10.7 1 4.4 75 58 1010.2 1011.7 1007.7 29
-0.4 0.4 -2.2 4 1 12 0.8 4.4 74 56 1009.1 1010.2 1006.1 23
-0.2 0.7 -1.8 3 0.5 9.6 0.3 4.4 73 58 1000.7 1006.1 1002.6 9
-2 0.3 -3.3 0.5 0.5 5.9 3.1 4 75 52 989.4 1007 1001.8 15
-1.2 -0.5 -2.2 3 0.5 6.4 4.4 4.5 79 68 1007.9 1009.1 1004 89
-1.3 -0.3 -3.3 0.5 0.5 5.1 0.8 4.3 78 66 1005.1 1008.2 1002.8 52
-1.7 0.5 -3.4 0 0 6.2 3.9 3.9 71 61 999.9 1006.4 1000.7 8
1.3 4.4 -0.5 2 0.5 0.8 2.5 5.8 87 68 975.7 1002.3 994.4 40
1.8 4.1 0.2 0 0 4.1 0.6 4.7 68 52 957.8 1001 991.6 1
3.2 6.4 1 1.5 0.5 1.8 4 5.4 71 44 993.1 1001.6 993.6 0
5.4 8.1 2.6 0 0 3.8 2.3 4.6 51 40 999.5 1000.2 990.7 14.3
1 1.8 0.3 0 0 5.4 0.7 3.7 56 46 1003.7 1007 1001 38
-1 0.5 -2.8 0 0 4.5 0.7 3.6 64 56 983 1006.4 1000.9 44
1.4 2.8 0.1 1 0.5 5.7 0.7 4.1 61 49 1002.1 1006.5 1000.2 35
-0.6 1.4 -2.2 0 0 4.8 1.1 3.4 58 50 1003.4 1006.7 1000.9 17
0.4 3.6 -3.6 0.5 0.5 3.1 6.9 3.6 57 41 1003.7 1005.2 998.5 14.3
-0.2 3 -3.3 0 0 3.4 6.2 3.2 54 41 998.3 1004.5 997.8 18
-0.9 1.7 -2.2 0 0 6.8 6.2 3.7 65 53 1003.8 1004.8 998.5 11
1.3 4.5 -0.8 0 0 3.5 3.6 2.8 42 31 998 1002.8 995.3 3
-0.4 1.5 -2.6 0 0 3.8 2.1 3.5 60 47 999.7 1005.2 1000.6 37
-0.4 1 -1.6 0.5 0.5 7.6 1.8 3.5 60 50 999.8 1004.1 998.6 68
0.4 1.5 -1.1 2 0.5 12 0.6 4 64 44 998.8 1002.2 998.8 4
-0.4 1.1 -1.6 1 0.5 10.3 2.6 4.1 68 58 998.2 1003.2 998.7 10
0.3 3.1 -2.3 0 0 3.2 5.2 3.4 55 39 999 1004.5 997.7 13
1.1 3.6 -0.2 1.5 0.5 2.8 2 5.5 83 55 1003.5 1004 997 16
1.5 3.6 -0.2 0 0 3.2 2.4 4.2 62 46 995.7 1004.2 997.3 0
1.7 3.7 0.4 5 0.5 5.8 1 5.3 78 45 999.4 1002.9 995.4 0
2.2 3.4 1 0.5 0.5 3.5 0.2 4.5 62 55 1003 1003.6 996.5 4
1.5 4.5 -0.2 0 0 3.7 7 4.9 72 48 1000.1 1002.8 994.5 8
-0.1 1.6 -2.3 0.5 0.5 5 3.5 4.9 82 66 983 1002.2 991.3 51
1.1 3.3 0 21.5 1 4.7 3.89 5.6 86 64 995.7 1001.5 991.6 14
2.6 4.7 -0.4 0 0 2.7 0.5 4.6 63 49 995.8 1000.6 988.2 0
0.7 4.6 -1.5 0 0 0.9 4.3 5.7 89 60 989.8 1002.4 993.7 47
3.6 5.9 1.1 0 0 2.8 5.5 5 64 40 1001.9 1002.5 994.1 1
1.4 4.5 0.2 2 0.5 0.9 3.2 5.6 83 56 983.5 1002.4 994.2 13
2.8 6.5 0.2 0 0 5.5 4.4 5 67 46 995.5 1000.8 989.3 0
4.3 7 2.1 0 0 5.8 5.1 4.3 51 38 995.7 1001.1 990.4 0
-3.7 -2.2 -5 0 0 3.5 0.4 3 65 51 852.1 1006.4 1001.2 6
3.1 8 -0.2 0 0 2.1 1.7 4.9 64 42 983.2 1000.3 991.2 0
4.6 9.3 0.7 0 0 2.3 3.6 4.6 55 40 996.4 1000.2 991.7 0
3.9 10.1 -2.8 0 0 2.1 6.7 4.4 55 33 996.5 1000.3 992.2 0
5.6 11.1 1 0 0 3.1 4.9 3.9 44 24 996.4 1000.3 993.4 0
1.7 8.8 -4.5 0 0 1.4 1.8 3.8 57 25 972.5 1001 994.8 0
6.7 9.5 3 0 0 8.2 2.3 5.1 52 34 996.1 999.5 991.8 0
7 11.1 4.5 0 0 3.5 8.5 3.6 36 23 997.7 1000.1 993.1 0
6.2 11.2 0.4 0 0 2.3 9 4.5 49 28 998.3 1000 993 14.3
5 12 -1.7 0 0 2.5 8.9 4.5 57 23 999.2 1000.1 993.2 14.3
6.6 10.8 2.2 0 0 2.3 7.9 3.2 33 21 995.9 1000.3 993.3 0
4.7 8.7 1.8 8.5 1 4.2 3.4 6.8 79 59 1001.9 1002.8 995 0
3.9 6.6 1.2 5 1.5 2.9 3.6 6.6 81 60 1001.6 1002.5 994.7 1
3.5 7.4 1.5 10.5 1.5 2.4 1 5.9 76 48 1000.7 1003 996.4 15
5.3 10.8 0.8 0 0 2.9 4.2 4 45 29 986.6 1000.5 993.8 0
0.3 3.7 -2.9 0 0 2.4 3 2.5 41 27 900.2 1006.4 1001.2 0
-23.3 -21.5 -26.2 0 0.44 4.28 3.89 0.8 82 78 615.7 1006.4 1001.2 14.3
2.2 8.2 -3 0 0 1.3 3.2 2.9 42 22 967.3 1001.5 995.1 0
6.8 10.2 2.6 0 0 2 8.4 3.9 39 21 995 1000.2 993.5 0
0 5.7 -4.3 1.5 0.5 1.7 5.3 4.7 78 39 952.4 1003.4 997.5 2
-2.9 2.6 -7.8 0 0 2.2 3.3 3.5 72 41 884.2 1006.4 1001.2 0
0.3 6.6 -4.3 0 0 2 5.2 3.2 52 33 929.8 1003 997.7 0
-2.3 2.5 -7.7 0 0 1.8 4.7 3.5 67 46 913 1004.3 999.5 1
-0.7 5 -5.5 0 0 1.7 4 3.9 69 44 940.5 1004.5 1000 0
6.5 12.2 2.8 0 0 1.8 2.2 4 41 22 992 1000.2 993.9 14.3
2.7 9 -3.6 0 0 1 3.6 4.1 58 25 998.3 1001 994.7 14.3
7.4 11.8 5.4 0 0 3.6 7.4 5.7 56 35 993.8 1000.5 994.3 14.3
4.9 11.3 -2.5 0 0 1.1 8.7 4 47 27 998.6 1000.5 994.6 0
4.2 8.1 1.4 0 0 6.1 8.9 4.8 59 41 999.5 1003.7 998.8 14.3
4.4 9.7 1.6 0 0 9.1 8.9 4.7 57 36 995.8 1001.5 996.4 14.3
1.9 4.8 0.3 10.5 1.5 2.7 0 6.4 91 80 1003 1004.6 998.8 42
2.5 4.1 0.8 8 1 2.5 0 6.6 90 77 1002.6 1004.8 999.1 14
-1.6 1.3 -4.7 2.5 0.5 0.8 1 4.6 84 68 937.9 1006.1 1001.5 21
1.9 4.9 -0.3 0.5 0.5 2.4 2.2 5.2 75 55 1003.5 1005.7 1001.2 2
2.8 6.5 -0.3 0 0 2.9 5.6 5.4 73 48 998.6 1005.5 1001.2 0
4.4 7.3 2.4 0 0 6.2 8.5 4.8 57 38 1004 1005 1000.5 14.3
4.3 7.5 1.9 31 1.5 5.1 0 6.6 80 51 1003.1 1003.9 996.3 3
2.6 5.5 0.9 9 1 5.1 0.6 5.8 79 49 1000.4 1004.5 998.6 16
0.9 1.7 0.3 32 1.5 2.9 0 6.1 93 87 1003.5 1005.7 1000.6 27
2 3.6 0.7 20 1.5 2.6 0 5.5 79 58 1004.9 1006.4 1001.5 18
2.05 5.37 0.78 0 0.44 4.28 3.89 4.63 65.7 45.3 991.2 1006.4 1001.2 14.3
1 3.9 -1.7 0 0 3 1.7 5.1 77 57 995.7 1006.8 1002.6 18
2.2 7.9 -1.5 0 0 2.1 8.4 4.7 67 38 998.6 1005.6 1001.3 14.3
1.7 5.3 -2 0 0 4.4 8.3 5.2 76 52 987.3 1007.2 1003.8 14.3
4 7.2 0.7 0 0 5.9 9.3 4.4 55 35 1003.4 1005.7 1001.3 0
5.4 9.5 1.7 0 0 4.9 8.3 3.5 40 20 1002.4 1004.5 1000.4 14.3
2.7 6 -0.3 0 0 2.5 4.1 4.7 64 46 994.4 1007.8 1004.3 1
4.7 6.9 3.1 1 0.5 6.2 2.4 4.9 57 41 1006.1 1008.4 1004.9 0
4.3 6.7 2.1 0 0 6.2 8.9 4.6 56 33 996.8 1006.1 1002.3 14.3
4 6.9 2 0 0 4.3 6.7 4.6 57 39 997.5 1007.8 1004.2 0
1.7 5.7 -2.2 1.5 0.5 1.9 4.6 5 73 46 1001.7 1007.4 1003.7 6
1.1 6.3 -1.6 17.5 2.5 1.9 2.8 5.9 88 71 1004.1 1006.9 1003.2 31
2.2 6 -0.7 21.5 2 2.3 3 6 85 57 1006.5 1007.2 1003.1 42
3.3 6.5 1.3 2.5 0.5 6.3 5.3 5.1 67 45 1003.8 1007.6 1003.8 0
2.1 8 0 3.5 1 4 5.5 4.7 67 37 1003.2 1008.2 1004.9 14.3
3.4 5.3 1.7 0.5 0.5 4.9 6.2 5.4 69 47 994 1007.8 1003.4 14.3
2.3 7.1 0.1 59 3.5 4.7 0.9 6 83 56 1008.3 1009.4 1005.1 89
2.8 7.1 0.1 58 2 4.2 0.5 6.1 82 59 1008.6 1009.1 1004.5 72
2.1 6.4 -0.1 24 1.5 3.2 1.6 5.9 84 55 1006.2 1008.2 1004.1 54
0.5 5.7 -2.7 6.5 1 2.8 4.2 5.2 83 48 990.6 1009 1005.4 5
2.5 6.7 -0.3 0.5 0.5 5.8 6.3 4.5 62 35 1007.2 1009.5 1006.2 0
1.8 5.2 0.1 26 1.5 5.7 0.2 6.3 90 74 1006.7 1009.5 1005.1 56
3.8 7.9 0.5 11.5 1 7.7 1 5.6 70 43 1008.9 1011.5 1008 14.3
2.3 6.8 -1.9 0.5 0.5 2.6 6 4.9 67 34 1004.6 1011.4 1008 0
2.5 7.5 -0.7 0 0 2.9 6.2 4.2 58 34 1010.3 1010.7 1007.5 14.3
3.7 5.8 1.4 0 0 5 6.3 4.9 61 40 1010.9 1011.6 1008.2 14.3
0.9 4.7 -1.6 15 1.5 2.4 1.9 5.4 83 55 1011 1013.3 1010.3 17
3.5 5.4 1.5 17 1 6.8 0.4 5.1 64 38 1011.8 1014.2 1010.8 0
3.4 8.1 0.8 22 1.5 3.9 0.3 5.3 67 44 1012.6 1013.1 1009.6 14.3
3.9 6.1 2.1 0.5 0.5 6.2 4.8 4.8 59 43 1007.9 1009.6 1006.2 0
4.4 6.6 2.4 0 0 4.9 2.3 4.9 57 44 1009.7 1010.3 1006.9 14.3
3 5.9 1.1 0 0 3 2 4.3 57 36 1008 1012.2 1009.3 0
3.2 6.3 0.6 1 0.5 7.4 0 5.5 72 51 1010.8 1012.6 1009.6 14.3
2.05 5.37 0.78 0 0.44 4.28 3.89 4.63 65.7 45.3 991.2 1006.4 1001.2 14.3
3.7 6.1 0.6 0 0 8.2 9 4.4 55 37 1007.3 1008.1 1004.6 0
3.5 8.2 -2.6 0 0 2 9 4 52 25 1008.4 1009 1006.4 0
4.1 7 1.5 0 0 10.7 9.3 4.1 49 31 984.8 1007.6 1004.5 14.3
4.6 7.7 0.1 0 0 4.5 7.4 4.5 53 31 1006.6 1010.8 1008.4 14.3
3.6 6.4 0.2 1.5 0.5 4.8 3.8 4.8 62 39 1010.2 1011.5 1008.9 14.3
0.7 4.5 -1.4 4 0.5 4.28 4.9 4.4 69 39 1005.2 1015.8 1012.8 14.3
4.1 7.1 -0.2 0 0 4.7 3.89 4.2 51 30 1012 1013.7 1011.5 0
3.3 5.3 2 15.5 1.5 6 1.8 4.7 60 32 1014 1015.9 1012.8 0
1.6 4.3 0 21 2 4.28 2.2 4.4 64 35 1010.7 1015.4 1012.2 14.3
2.4 5.8 -0.5 11 1.5 4.3 4.1 5.1 71 38 1012 1016.1 1013.1 3
-7.3 -3.5 -10.8 4.08 0.44 6.5 0 3.4 95 93 879.4 1006.4 1001.2 48
2 5.2 -0.8 0.5 0.5 3.1 2.3 5 71 44 1011.5 1016.5 1013.6 1
1.8 4.9 -1.6 0 0 2.1 5.1 4.5 64 43 997.4 1015.8 1012.8 14.3
5 7 0.9 1.5 0.5 2.7 0 5 58 40 1014.3 1016.2 1013 14.3
4 6.6 0.6 0 0 5 1.5 5.5 68 48 1011.1 1016.4 1013.4 14.3
3.2 6.6 0 15.5 1 5.4 3.7 5.5 73 45 1011.7 1015.6 1013.1 14.3
2.5 5.9 -0.2 4.5 0.5 4.28 5.4 5.7 79 56 1011.9 1015.9 1013.1 25
6.6 8.8 3.8 0 0 13.8 2.5 6.1 62 48 1010.1 1014.7 1012.5 0
6.6 9.4 2 28 2 10.6 0.1 6.9 72 42 1010 1014.7 1012.4 0
3.7 6.2 2 12 1.5 7.4 1.7 4.7 59 38 1009.4 1016.7 1013.4 0
4 5.9 2.3 8.5 1 6.1 3.3 4.4 54 36 1016 1016.7 1013.6 0
-2.4 0.1 -5.3 1 0.5 7.8 3.8 4.1 79 56 934 1016.9 1014.2 0
3.4 5.8 0.7 2 0.5 3.7 3.9 5 64 41 1012.3 1016.8 1013.8 10
4.5 8 1.6 0 0 6.2 8.5 4 48 32 1011.9 1013.7 1010.6 0
