4.7 7.2 1.7 18.5 1 0 0.7
4.7 7.1 2.5 15.5 1 0 1.6
4.7 7.2 1.9 11.5 1 0 4.5
4.6 6.4 3.1 13 0.5 0 3.8
4.4 6.4 3 12.5 0.5 0 1.6
2 4 0.1 6.5 0.5 0 0.8
6 8.8 4.3 11.5 0.5 0 1.6
6.9 9.5 5.5 13.5 1 0 2.3
2.7 5.4 0.1 10 0.5 0 0.7
-0.2 1.4 -1.1 12 0.5 0.1 3.4
2.8 5.5 0.4 7 0.5 0 0.7
4.6 7.5 2.8 8 0.5 0.1 1.7
5.4 8.5 3.6 6 0.5 0.1 2.6
1.6 4.9 -0.2 6.5 0.5 0.1 3.4
3.7 6.3 1.7 11 0.5 0 1.7
4.9 7.4 3.4 10 0.5 0 1.6
4.2 6.3 2.3 16.5 1 0 4.6
5.3 8 3 13 1 0 3.6
4.5 7.5 1.1 14 1 0 3.1
5 7.7 2.6 16 1 0 3.2
5.3 7.3 3.3 17.5 1 0 4.2
5.4 7.8 3 14.5 1 0 4.8
5.6 7.3 3.7 3.5 0.5 0 6.4
7.2 9.4 5.7 6.5 0.5 0 2
4.5 5.9 3.1 18 1 0 5.1
5.5 7.1 3.9 7.5 1 0 3.4
4 5.6 2.5 25.5 1.5 0 1.8
4.7 6 3.1 20 1 0 3.9
5.5 7.2 4.7 19 0.5 0 4.4
5.4 7.5 4.7 25 1 0 4.6
4.7 6 3.4 12.5 0.5 0 6.2
4.5 6.7 2.8 12.5 0.5 0.1 2.6
4.1 6.3 1.9 7 0.5 0 2.5
4.6 6.2 3.5 20 1 0 3.9
4.9 8 2.2 11.5 1 0 3.7
4.3 7.6 0.9 9 0.5 0.2 3.3
3.8 7.3 0.7 5 0.5 0.2 4.1
4.3 6.7 2.2 8 0.5 0.1 3.3
4.4 6.3 2.1 8 0.5 0 5.3
5.1 6.8 4.4 24 1 0 6.1
4 5.5 0.9 7.5 0.5 0 2.7
4.1 7.2 1.1 7.5 0.5 0.1 1.7
3.3 5.2 1.6 13 1 0 4.7
2.9 5.6 0.6 7.5 0.5 0.2 3.4
2.8 5.4 0.9 3.5 0.5 0 1
3.2 5 1.2 13.5 1 0 4.3
5.3 7.6 2 19.5 1 0.1 3.3
6.2 8.8 4 12 0.5 0.1 1.6
0.6 2.4 -0.4 5 0.5 0 2.2
3 5.5 0.5 13 0.5 0 0.6
5.5 8.6 3.9 11 0.5 0 1.9
5.2 7.2 2.6 18.5 1 0.1 6
5 6.5 3.5 13.5 0.5 0 4.1
5.8 7.4 4.3 1.5 0.5 0 5.2
5.7 7.7 4.9 33.5 1.5 0.1 4.9
7 9.4 5.6 18 1 0 14.9
4.1 6 1.7 9 0.5 0 4.5
4.4 7.1 0.6 8 0.5 0 2.9
