6.5 10.3 0.8 0 0 3.9 3.8 7.9 8.7 
6.8 10.7 3.3 0 0 8.2 2.4 5.5 8.3 
6.6 10.8 2.2 0 1 0 10.19 0 0 
3.7 10.7 -3 0 0 4.4 1 2.4 4.4 
5.1 10.9 -0.3 0 0 7 0.3 2.4 5.3 
2.4 9.4 -3.9 0 0 3.3 1.9 3.8 5.6 
2.4 9.2 -4 0 0 4.2 0.9 2.2 3.7 
1.2 6.3 -2.3 0 0 0.5 1 2.4 4.8 
-0.9 3.3 -4.1 0 0 7.2 1.9 5.7 8.6 
-0.3 2.1 -3.8 0 0 7.1 3.7 7.7 12.2 
-0.7 0.9 -2.6 0 0 6 4.9 7.5 11.4 
1.7 2.8 0.8 0 0 0.2 3 5.1 11.2 
0.3 3.1 -2.3 0 0 5.2 3.2 6.7 11.8 
0.5 3.1 -3.1 0 0 5 2.7 5.2 10.3 
-3 2.4 -7.5 0 0 2.4 2.1 4.9 8.2 
0.5 3.2 -3.3 0 0 6.8 3.1 7.6 16.1 
