139.58333333333334 35.73833333333333
139.48333333333332 35.68333333333333
139.86333333333334 35.638333333333335
139.31666666666666 35.666666666666664
139.31166666666667 35.788333333333334
139.05 35.791666666666664
138.44166666666666 35.46666666666667
138.445 35.288333333333334
138.615 35.528333333333336
138.83666666666667 35.43666666666667
138.93833333333333 35.608333333333334
138.725 35.663333333333334
138.44833333333332 35.693333333333335
138.38666666666666 35.861666666666665
139.18333333333334 36.105
139.335 35.985
139.41333333333333 35.77333333333333
139.58666666666667 35.875
139.75666666666666 35.88333333333333
139.635 36.086666666666666
139.38666666666666 35.43333333333333
139.45 35.32
139.63 35.178333333333335
139.155 35.276666666666664
139.94 35.361666666666665
140.1 35.111666666666665
140.09833333333333 35.235
140.14833333333334 35.39666666666667
140.31 35.416666666666664
140.48 35.656666666666666
140.21166666666667 35.72833333333333
140.04333333333332 35.711666666666666
140.11 35.86333333333333
140.50166666666667 35.858333333333334
139.71666666666667 36.20166666666667
139.945 36.16833333333334
139.98833333333334 36.281666666666666
140.22 36.10333333333333
140.21166666666667 35.89
140.62166666666667 35.96333333333333
140.52666666666667 36.16833333333334
140.24 36.395
140.645 36.58
140.325 36.60666666666667
140.345 36.778333333333336
140.77166666666668 36.833333333333336
139.75 35.69166666666667
138.55333333333334 35.666666666666664
138.76 35.5
139.07333333333332 35.99
139.38 36.15
139.65166666666667 35.43833333333333
140.103333333333333 35.60166666666667
139.865 34.986666666666665
140.31166666666667 35.15
140.85666666666665 35.73833333333333
140.46666666666667 36.38
140.125 36.056666666666665
